-0.0130015 0.0271034
-0.0125013 0.0198308
-0.0120011 0.0150356
-0.011501 0.0124677
-0.0110009 0.0110277
-0.0105009 0.0101045
-0.0100008 0.0094597
-0.00950075 0.00898062
-0.00900071 0.00861396
-0.00850067 0.00832535
-0.00800064 0.0080935
-0.00750061 0.00790472
-0.00700058 0.0077492
-0.00550053 0.00742128
-0.00600055 0.007512
-0.00650056 0.00762001
-0.00350051 0.00717986
-0.00400051 0.00722584
-0.00450051 0.00728032
-0.00500052 0.00734484
-0.00200051 0.00708152
-0.0025005 0.00710865
-0.0030005 0.00714115
-0.000500523 0.00702552
-0.00100052 0.00704052
-0.00150051 0.00705901
0.00149943 0.00699216
0.000999447 0.00699719
0.000499458 0.00700422
-5.31601e-07 0.00701355
0.00299939 0.00698662
0.00249941 0.00698709
0.00199942 0.00698887
0.00499932 0.00699448
0.00449934 0.00699134
0.00399936 0.0069889
0.00349937 0.00698728
0.00649925 0.00700694
0.00599927 0.00700238
0.0054993 0.00699819
0.00699923 0.00701179
0.00799918 0.00702206
0.00749921 0.00701686
0.00999908 0.00704297
0.0094991 0.00703785
0.00899913 0.00703262
0.00849916 0.00702733
0.011499 0.00705718
0.010999 0.00705269
0.010499 0.00704793
0.0129989 0.00706865
0.0124989 0.00706521
0.011999 0.00706137
0.0149988 0.00707749
0.0144988 0.00707611
0.0139988 0.00707415
0.0134989 0.00707164
0.0154987 0.00707824
0.0159987 0.0070783
0.0164987 0.00707762
0.0169987 0.00707615
0.0174986 0.00707382
0.0179986 0.00707058
0.0184986 0.00706636
0.0189985 0.00706109
0.0194985 0.00705468
0.0199984 0.00704712
0.0214983 0.00701659
0.0204984 0.0070382
0.0209984 0.00702787
0.0219983 0.0070022
0.0224983 0.00698685
0.0229982 0.00697407
0.0234982 0.00693593
0.0239982 0.00685201
0.0244981 0.00620324
0.0249981 0.00450345
